2005-1-4	1260.78	1260.78	1238.18	1242.77	-0.014284808
2005-1-5	1241.68	1258.58	1235.75	1251.94	0.008262999
2005-1-6	1252.49	1252.74	1234.24	1239.43	-0.010427229
2005-1-7	1239.32	1256.31	1235.51	1244.75	0.004381435
2005-1-10	1243.58	1252.72	1236.09	1252.4	0.007092427
2005-1-11	1252.71	1260.87	1247.84	1257.46	0.003791779
2005-1-12	1257.17	1257.19	1246.42	1256.92	-0.000198859
2005-1-13	1255.72	1259.5	1251.02	1256.31	0.00046985
2005-1-14	1255.87	1268.86	1243.87	1245.62	-0.008161673
2005-1-17	1235.57	1236.4	1214.07	1216.65	-0.015312771
2005-1-18	1215.78	1226.04	1207.05	1225.45	0.007953742
2005-1-19	1225.08	1225.08	1214.64	1218.11	-0.005689424
2005-1-20	1213.37	1213.96	1199.17	1204.39	-0.007400875
2005-1-21	1201.93	1237.91	1189.21	1234.48	0.027081444
2005-1-24	1258.02	1265.95	1239.8	1255.78	-0.001780576
2005-1-25	1252.35	1254.87	1239.16	1254.23	0.001501178
2005-1-26	1252.37	1254.23	1240.13	1241.96	-0.00831224
2005-1-27	1239.58	1241.14	1223.88	1225.89	-0.011044063
2005-1-28	1223.73	1226.3	1208.86	1213.67	-0.008220768
2005-1-31	1210.76	1210.76	1190.17	1191.82	-0.015643067
2005-2-1	1189.5	1203.07	1187.26	1188.93	-0.000479193
2005-2-2	1189.5	1253.16	1189.5	1252.5	0.05296343
2005-2-3	1253.81	1269.16	1236.18	1242.31	-0.009172044
2005-2-4	1238.61	1274.12	1235.64	1269	0.024535568
2005-2-16	1276.02	1291.47	1270.32	1278.88	0.002241344
2005-2-17	1280.03	1280.03	1263.71	1276.13	-0.003046804
2005-2-18	1275.66	1278.62	1258.56	1258.97	-0.013083423
2005-2-21	1259.53	1284.94	1259.51	1284.48	0.019808976
2005-2-22	1285.63	1312.53	1282.78	1309.28	0.01839565
2005-2-23	1309.62	1316.59	1299.15	1309.48	-0.000106901
2005-2-24	1307.04	1310.97	1296.98	1309.95	0.002226405
2005-2-25	1311.37	1328.53	1311.21	1312.45	0.000823566
2005-2-28	1311.44	1315.14	1298.93	1306	-0.004148112
2005-3-1	1305.25	1308.76	1295.64	1303.41	-0.001409692
2005-3-2	1303.31	1316.72	1285.92	1287.45	-0.012169016
2005-3-3	1285.2	1295.25	1276.88	1294.34	0.007111734
2005-3-4	1294.16	1299.6	1286.48	1287.71	-0.004983928
2005-3-7	1288.41	1296.88	1287.74	1293.74	0.004136882
2005-3-8	1298.25	1318.9	1296.91	1318.27	0.015420759
2005-3-9	1321.21	1326.08	1310.24	1316.79	-0.003345418
2005-3-10	1316.9	1316.9	1282.53	1286.23	-0.023289544
2005-3-11	1284.51	1292.53	1278.15	1289.94	0.004227293
2005-3-14	1288.99	1304.11	1271.51	1293.5	0.003498863
2005-3-15	1293.13	1293.26	1266.64	1269.14	-0.018551886
2005-3-16	1267.05	1268.19	1247.89	1255.59	-0.009044631
2005-3-17	1255.99	1257.79	1242.51	1243.48	-0.00996027
2005-3-18	1242.45	1248.03	1223.62	1227.4	-0.012113164
2005-3-21	1226.14	1232.82	1220.82	1231.05	0.004004437
2005-3-22	1230.68	1231.68	1202.43	1206.92	-0.0193064
2005-3-23	1205.76	1218.01	1194.32	1201.65	-0.003408639
2005-3-24	1200.26	1208.61	1187.58	1208.19	0.006606902
2005-3-25	1207.2	1211.16	1199.87	1205.63	-0.00130053
2005-3-28	1204.85	1204.85	1185.46	1200.11	-0.0039341
2005-3-29	1199.69	1209.23	1194.59	1195.02	-0.003892672
2005-3-30	1192.45	1192.45	1171.81	1172.57	-0.016671559
2005-3-31	1168.83	1181.53	1162.03	1181.24	0.010617455
2005-4-1	1180.37	1237.8	1173.54	1223.57	0.036598694
2005-4-4	1212.12	1218.28	1196.95	1202.97	-0.007548758
2005-4-5	1200.69	1209.34	1189.26	1191.75	-0.007445719
2005-4-6	1191.2	1220.42	1183.91	1214.87	0.019870719
2005-4-7	1216.73	1248.06	1213.65	1225.49	0.007199625
2005-4-8	1225.05	1249.2	1218.76	1248.52	0.019158402
2005-4-11	1248.15	1252.81	1235.36	1240.97	-0.005752514
2005-4-12	1239.13	1239.13	1218.51	1219.51	-0.01583369
2005-4-13	1228.97	1254.32	1228.97	1248.2	0.015647249
2005-4-14	1252.21	1253.6	1233.24	1234.33	-0.014278755
2005-4-15	1229.68	1229.68	1213.2	1216.96	-0.010344155
2005-4-18	1212.39	1212.39	1190.98	1197.74	-0.01208357
2005-4-19	1196.28	1202.49	1191.23	1199.9	0.003026047
2005-4-20	1198.96	1198.96	1178.64	1184.19	-0.01231901
2005-4-21	1182.21	1190.54	1167.99	1172.56	-0.008162678
2005-4-22	1171.03	1177.89	1163.4	1169.19	-0.001571266
2005-4-25	1166.34	1166.34	1146.41	1157.97	-0.007176295
2005-4-26	1155.64	1169.15	1151.64	1165.34	0.008393617
2005-4-27	1165.1	1166.2	1148.14	1148.76	-0.014024547
2005-4-28	1145.75	1172.71	1135.73	1169.12	0.02039712
2005-4-29	1168.33	1170.2	1155.99	1159.15	-0.007857369
2005-5-9	1160.62	1165.39	1130.41	1130.84	-0.0256587
2005-5-10	1126.82	1135.8	1108.42	1135.56	0.007756341
2005-5-11	1134.6	1140.17	1121.87	1124.27	-0.00910453
2005-5-12	1122.18	1122.92	1099.84	1103.99	-0.016209521
2005-5-13	1101.61	1120.17	1093.28	1107.63	0.005464729
2005-5-16	1105.4	1105.4	1082.14	1095.47	-0.008983174
2005-5-17	1091.26	1108.18	1083.94	1099.64	0.007679197
2005-5-18	1099.74	1108.84	1090.3	1102.97	0.002937058
2005-5-19	1101.75	1107.23	1083.12	1103.48	0.001570229
2005-5-20	1100.49	1108.61	1094.67	1099.27	-0.001108597
2005-5-23	1095.31	1095.31	1069.44	1070.84	-0.022340707
2005-5-24	1066	1078.1	1057.54	1073.85	0.007363977
2005-5-25	1072.52	1082.18	1064.88	1072.14	-0.000354306
2005-5-26	1071.21	1077.44	1055.82	1058.87	-0.011519683
2005-5-27	1056.32	1068.21	1050.06	1051.95	-0.004137004
2005-5-30	1049.72	1063.95	1043.28	1060.16	0.009945509
2005-5-31	1061.61	1070.5	1057.75	1060.74	-0.00081951
2005-6-1	1059.61	1063.52	1035.71	1039.19	-0.019271241
2005-6-2	1036.73	1036.73	1008.75	1016.06	-0.019937689
2005-6-3	1013.9	1019.92	1000.52	1013.64	-0.000256436
2005-6-9	1118.81	1146.42	1103.68	1131.05	0.010940195
2005-6-10	1130.55	1130.55	1101.83	1108.29	-0.019689532
2005-6-13	1105.96	1112.1	1085.87	1106.29	0.000298383
2005-6-14	1108.34	1119.68	1092.4	1093.46	-0.013425483
2005-6-15	1090.46	1090.46	1070.07	1072.84	-0.016158319
2005-6-16	1071.77	1086.35	1064.03	1086.01	0.013286433
2005-6-17	1090.11	1094.67	1079.08	1085.61	-0.004128024
2005-6-20	1087.85	1115.86	1073.41	1115.62	0.025527416
2005-6-21	1115.67	1115.67	1098.9	1101.49	-0.012709851
2005-6-22	1098.96	1103.25	1090.75	1102.03	0.00279355
2005-6-23	1100.56	1106.75	1092.48	1093.7	-0.00623319
2005-6-24	1091.99	1102.23	1087.69	1101.88	0.009056859
2005-6-27	1108.47	1129.96	1108.47	1124.64	0.014587675
2005-6-28	1120.95	1120.95	1105.34	1108.59	-0.011026362
2005-6-29	1111.67	1113.52	1103.91	1104.99	-0.006008977
2005-6-30	1103.48	1103.48	1078.1	1080.94	-0.020426288
2005-7-1	1077.31	1077.31	1053.63	1055.59	-0.020161328
2005-7-4	1050.24	1050.24	1030.18	1047.28	-0.002818403
2005-7-5	1043.88	1047.82	1032.52	1039.04	-0.004636548
2005-7-6	1040.7	1044.78	1028.22	1033.55	-0.006870376
2005-7-7	1033.22	1044.05	1030.5	1038.6	0.005207023
2005-7-8	1036.41	1036.41	1015.4	1017.98	-0.017782538
2005-7-11	1026.79	1043.21	1009.04	1011.5	-0.014891068
2005-7-12	1007.9	1048.92	1004.08	1046.16	0.037960115
2005-7-13	1044.58	1045.94	1033.81	1037.39	-0.006883149
2005-7-14	1035.53	1049.88	1033.17	1040.42	0.00472222
2005-7-15	1039.61	1046.36	1021.99	1026.12	-0.01297602
2005-7-18	1023.38	1023.38	1008.52	1012.1	-0.011022299
2005-7-20	1013.98	1025.1	1008.68	1021.05	0.006972524
2005-7-21	1020.69	1022.04	1009.99	1020.63	-5.87838E-05
2005-7-22	1026.13	1054.64	1024	1046.32	0.01967587
2005-7-25	1045.27	1048.97	1040.59	1045.4	0.00012437
2005-7-26	1046.54	1078.06	1046.54	1072.81	0.025101764
2005-7-27	1072.56	1090.19	1068.5	1089.91	0.016176251
2005-7-28	1090.11	1097.63	1083.36	1086.55	-0.003265725
2005-7-29	1084.97	1088.48	1077.12	1083.03	-0.001788068
2005-8-1	1082.8	1094.15	1081.12	1088.95	0.005679719
2005-8-2	1089.53	1104.04	1084.8	1104.04	0.013317669
2005-8-3	1106.32	1120.68	1103.9	1107.7	0.001247379
2005-8-4	1104.91	1108.16	1099.13	1102.59	-0.002099719
2005-8-5	1102.62	1129.07	1102.6	1128.74	0.023689032
2005-8-8	1131.8	1146.73	1131.8	1138.88	0.006255522
2005-8-9	1139.12	1152.94	1130.59	1152.53	0.011772245
2005-8-10	1153.21	1165.13	1144.95	1165.03	0.010249651
2005-8-11	1165.44	1184.26	1164.1	1183.58	0.015564937
2005-8-12	1185.27	1192.05	1161.79	1167.92	-0.014638015
2005-8-15	1167.03	1187.8	1163.85	1187.01	0.017120383
2005-8-16	1188.02	1192.92	1170.11	1177.28	-0.009040252
2005-8-17	1175.18	1193.57	1160.08	1192.83	0.015018976
2005-8-18	1194.44	1201.76	1146.56	1148.04	-0.038846656
2005-8-19	1144.46	1157.37	1132.87	1150.18	0.00499799
2005-8-22	1148.97	1162.04	1142.68	1158.6	0.00838142
2005-8-24	1151.45	1171.43	1151.45	1167.14	0.013626297
2005-8-25	1168	1172.69	1157.18	1172.48	0.003835616
2005-8-26	1173.01	1174.54	1163.99	1171.86	-0.000980384
2005-8-29	1172	1172.01	1147.93	1154.43	-0.014991468
2005-8-31	1145.81	1163.52	1140.1	1162.8	0.014827938
2005-9-1	1163.7	1185.76	1160.05	1184.93	0.018243534
2005-9-2	1187.06	1188.91	1179.11	1188.85	0.001507927
2005-9-6	1197.23	1201.82	1172.06	1173.32	-0.0199711
2005-9-7	1170.77	1194.59	1168.58	1194.31	0.020106426
2005-9-8	1196.27	1201.46	1184.79	1194.41	-0.001554833
2005-9-9	1194.5	1204.46	1184.42	1189.63	-0.00407702
2005-9-12	1189.75	1191.93	1181.43	1188.21	-0.00129439
2005-9-13	1188.25	1207.4	1186.22	1207.16	0.015914159
2005-9-14	1209.27	1217.41	1204.55	1217.26	0.006607292
2005-9-15	1217.52	1218.94	1210.72	1217.28	-0.000197122
2005-9-16	1217.42	1217.76	1208.56	1212.95	-0.003671699
2005-9-19	1213.49	1220.97	1210.19	1220.63	0.005883856
2005-9-20	1222.26	1223.57	1204.87	1212.62	-0.007887029
2005-9-21	1210.85	1210.85	1186.98	1187.99	-0.0188793
2005-9-22	1185.69	1185.69	1147.19	1159.96	-0.021700444
2005-9-23	1157.3	1164.6	1149.75	1151.98	-0.004596907
2005-9-27	1155.05	1157.8	1132.53	1133.24	-0.018882299
2005-9-28	1131.32	1142.49	1129.05	1131.77	0.000397765
2005-9-29	1134.44	1155.78	1134.44	1155.49	0.018555411
2005-9-30	1156.77	1158.7	1150.63	1155.61	-0.001002792
2005-10-10	1153.67	1153.67	1137.29	1138.95	-0.012759281
2005-10-11	1137.95	1157.3	1133.9	1157.19	0.016907597
2005-10-17	1138.38	1138.38	1121.97	1131.38	-0.006149089
2005-10-18	1131.26	1142.04	1129.67	1141.2	0.008786663
2005-10-19	1141.05	1150.59	1132.48	1134.61	-0.005643924
2005-10-20	1133.45	1136.31	1119.38	1135.95	0.002205655
2005-10-21	1135.61	1145.99	1132.36	1141.32	0.005028135
2005-10-24	1141.33	1143.46	1133.92	1141.17	-0.000140187
2005-10-25	1140.17	1140.17	1121.29	1121.92	-0.016006385
2005-10-26	1119.43	1119.43	1094.57	1097.16	-0.019894053
2005-10-27	1093.93	1101.27	1087.48	1097.78	0.003519421
2005-10-28	1097.58	1102.02	1067.41	1080.87	-0.015224403
2005-10-31	1079.04	1096.15	1078.29	1092.82	0.012770611
2005-11-1	1091.68	1094.15	1074.3	1089.95	-0.001584713
2005-11-2	1090	1108.88	1090	1104.79	0.013568807
2005-11-3	1104.59	1111.44	1090.82	1095.27	-0.00843752
2005-11-4	1094.26	1100.43	1087.84	1100.05	0.005291247
2005-11-7	1099.53	1100.95	1089.83	1100.65	0.001018617
2005-11-8	1099.94	1111.12	1092.54	1110.15	0.009282324
2005-11-9	1110.55	1117.06	1107.64	1108.15	-0.002161091
2005-11-10	1106.94	1106.94	1086.1	1088.3	-0.016839214
2005-11-11	1085.69	1094.31	1078.58	1090.19	0.00414483
2005-11-14	1089.56	1089.71	1083.02	1088.65	-0.0008352
2005-11-16	1086.83	1096.3	1075.43	1095.89	0.00833617
2005-11-17	1094.88	1098.68	1090.35	1095.31	0.000392737
2005-11-18	1095.52	1122.61	1093.53	1117	0.019607127
2005-11-21	1117.78	1122.88	1114.24	1119.94	0.001932402
2005-11-22	1119.69	1119.69	1098.49	1098.66	-0.018781984
2005-11-23	1096.56	1106.48	1093.95	1105.75	0.008380754
2005-11-25	1113.28	1115.08	1107.21	1114.92	0.001473124
2005-11-28	1113.83	1119.34	1106.94	1110.82	-0.002702387
2005-11-30	1095.3	1099.58	1090.72	1099.26	0.003615448
2005-12-1	1098.78	1104.56	1094.44	1098.75	-2.7303E-05
2005-12-2	1099.76	1102.76	1089.56	1094.29	-0.004973812
2005-12-5	1093.1	1093.1	1077.41	1079.2	-0.012716128
2005-12-6	1077.58	1089.59	1074.01	1087.79	0.009474935
2005-12-7	1087.74	1100.05	1086.73	1099.61	0.010912534
2005-12-8	1100.69	1106.34	1092.99	1098.32	-0.002153195
2005-12-9	1097.52	1114.58	1094.74	1113.48	0.014541876
2005-12-12	1115.75	1118.53	1109.08	1116.37	0.00055568
2005-12-14	1117.47	1127.63	1110.21	1125.39	0.007087439
2005-12-15	1125.67	1134.85	1121.56	1123.56	-0.001874439
2005-12-16	1122.73	1127.94	1118.94	1127.51	0.00425748
2005-12-19	1127.84	1134.5	1123.5	1131.75	0.003466804
2005-12-20	1131.8	1136.39	1126.99	1136.34	0.004011309
2005-12-21	1135.98	1142.39	1128.94	1130.76	-0.004595151
2005-12-22	1129.56	1136	1125.95	1135.24	0.005028507
2005-12-30	1171.57	1173.06	1158.97	1161.06	-0.008970868
2006-1-4	1163.88	1181	1161.91	1180.96	0.014675052
2006-1-6	1198.81	1215.54	1191.61	1209.42	0.008850443
2006-1-9	1210.32	1217.31	1205.25	1215.67	0.004420319
2006-1-10	1215.85	1220.76	1203.65	1220.62	0.003923181
2006-1-11	1219.81	1223.56	1204.04	1211.05	-0.007181446
2006-1-12	1208.77	1227.3	1205.28	1226.7	0.01483326
2006-1-13	1228.16	1231.22	1214.88	1221.46	-0.005455315
2006-1-16	1221.11	1221.39	1202.59	1202.87	-0.014937229
2006-1-19	1235.08	1251.96	1230.85	1251.58	0.013359458
2006-1-20	1251.41	1258.7	1247.2	1255.31	0.003116485
2006-1-23	1254.78	1257.35	1244.27	1255.77	0.000788983
2006-1-24	1256.01	1262.09	1247.01	1252.06	-0.003144879
2006-1-25	1251.27	1260.17	1245.92	1258.05	0.005418495
2006-2-6	1263	1287.67	1263	1287.63	0.019501188
2006-2-7	1289.45	1297.4	1270.4	1282.1	-0.005700105
2006-2-8	1282.12	1291.74	1276.02	1290.06	0.006192868
2006-2-9	1288.97	1288.97	1266.81	1269.45	-0.015143875
2006-2-10	1269.54	1284.1	1266.22	1282.66	0.010334452
2006-2-13	1283.78	1284.95	1267.56	1279.64	-0.003224852
2006-2-14	1279.63	1286.42	1275.85	1286.33	0.005235888
2006-2-15	1289.14	1300.99	1288.64	1299.17	0.007780381
2006-2-16	1298.5	1298.5	1268.56	1270.63	-0.021463227
2006-2-17	1269.4	1280.04	1265.14	1267.41	-0.00156767
2006-2-20	1268.11	1279.42	1265.38	1267.54	-0.000449488
2006-2-22	1288.85	1297.94	1282.91	1284.23	-0.003584591
2006-2-23	1284.13	1289.94	1273.94	1288.85	0.00367564
2006-2-24	1289.43	1297.34	1286.96	1296.87	0.005769991
2006-2-27	1297.69	1304.61	1293.47	1297.19	-0.0003853
2006-2-28	1294.81	1299.47	1277.74	1299.03	0.003259165
2006-3-1	1299.15	1308.2	1297.76	1306.59	0.005726821
2006-3-2	1306.58	1307.64	1281.57	1285.67	-0.016003612
2006-3-3	1284.61	1295.41	1275.62	1293.3	0.006764699
2006-3-6	1292.75	1296.85	1286.64	1288.95	-0.00293947
2006-3-7	1288.26	1288.26	1257.54	1259.92	-0.021998665
2006-3-8	1256.69	1258.24	1238.16	1250.38	-0.005021127
2006-3-9	1247.46	1253.76	1242.68	1245.17	-0.00183573
2006-3-13	1245.3	1260.07	1245.3	1259.67	0.011539388
2006-3-14	1260.42	1262.75	1250.28	1259.04	-0.001094873
2006-3-15	1259.23	1275.52	1258.15	1274.81	0.01237264
2006-3-17	1273.01	1276.63	1265.61	1269.46	-0.002788666
2006-3-20	1269.58	1288.97	1264.41	1288.42	0.014839553
2006-3-21	1288.56	1297.61	1285.43	1290.4	0.001427951
2006-3-27	1296.07	1296.59	1283.68	1295.92	-0.000115734
2006-3-28	1295.76	1302.65	1293	1298.79	0.002338396
2006-3-29	1299.38	1313.12	1296.59	1305.57	0.00476381
2006-3-30	1305.84	1308.5	1293.83	1294.72	-0.008515591
2006-3-31	1291.52	1298.75	1285.73	1298.3	0.005249628
2006-4-3	1298.68	1319.48	1298.68	1319.47	0.016008563
2006-4-4	1319.84	1330.1	1315.33	1329.8	0.007546369
2006-4-5	1330.56	1341.5	1326.53	1340.16	0.007215007
2006-4-6	1341.74	1348.52	1336.14	1339.74	-0.001490602
2006-4-7	1340.65	1345.29	1330.51	1342.96	0.001723045
2006-4-10	1344.24	1359.41	1339.52	1359.08	0.011039695
2006-4-11	1360.98	1366.52	1350.32	1362.23	0.000918456
2006-4-12	1361.74	1364.69	1355.66	1360.13	-0.001182311
2006-4-13	1359.28	1364.32	1331.68	1332.33	-0.019826673
2006-4-14	1330.09	1360.09	1328.44	1359.54	0.022141359
2006-4-17	1360.64	1383.65	1353.4	1378.61	0.01320702
2006-4-18	1379.81	1391.38	1370.15	1385.11	0.003841109
2006-4-19	1389.13	1399.55	1378.8	1396.7	0.005449454
2006-4-20	1398.1	1404.19	1376.96	1385.9	-0.008726128
2006-4-21	1385.92	1419.89	1383.45	1416.79	0.022274013
2006-4-24	1423.41	1429.06	1402.27	1409.79	-0.009568571
2006-4-25	1405.9	1409.27	1386.13	1399.77	-0.004360196
2006-4-26	1399.07	1426.63	1397.35	1417.48	0.013158741
2006-4-27	1418.9	1424.46	1407.14	1416.73	-0.001529354
2006-4-28	1403.52	1444.71	1389.35	1440.22	0.026148541
2006-5-8	1446.99	1497.2	1446.99	1497.1	0.034630509
2006-5-9	1503.24	1532.75	1497.99	1531.16	0.018573215
2006-5-10	1537.56	1554.03	1518.33	1545.69	0.005287599
2006-5-11	1547.56	1583.76	1536.29	1537.38	-0.006578097
2006-5-12	1532.88	1603.21	1531.23	1602.83	0.045633057
2006-5-15	1616.26	1664.94	1606.57	1664.09	0.029593011
2006-5-16	1658.69	1678.6	1604.78	1613.25	-0.027395113
2006-5-18	1611.66	1630.07	1582.96	1617.28	0.003487088
2006-5-22	1656.75	1674.22	1646.68	1657.69	0.000567376
2006-5-23	1647.96	1648.53	1597.1	1604.55	-0.026341659
2006-5-24	1609.74	1634.59	1562.39	1590.92	-0.011691329
2006-5-25	1585.47	1598.56	1563.86	1591.43	0.003759138
2006-5-26	1596.56	1614.55	1593.09	1613.89	0.010854587
2006-5-29	1622.11	1648.84	1609.01	1648.54	0.016293593
2006-5-30	1654.98	1663.93	1634.9	1657.29	0.001395787
2006-5-31	1656.28	1667.23	1628.68	1641.3	-0.009044364
2006-6-1	1639.67	1684.71	1635.75	1684.19	0.027151805
2006-6-2	1688.78	1695.58	1659.14	1669.4	-0.01147574
2006-6-5	1669.24	1685.29	1639.68	1684.62	0.009213774
2006-6-6	1681.22	1692.82	1672.81	1679.13	-0.001243145
2006-6-7	1678.24	1678.24	1588.97	1589.55	-0.05284703
2006-6-8	1576.44	1596.12	1540.93	1591.49	0.009546827
2006-6-9	1583.96	1594.44	1550.2	1551.38	-0.020568701
2006-6-12	1540.22	1566.45	1529.5	1552.8	0.008167664
2006-6-13	1552.1	1570.1	1532.06	1548.49	-0.002325881
2006-6-14	1540.64	1540.64	1512.52	1531.33	-0.006042943
2006-6-15	1531.25	1551.3	1528.23	1533.98	0.001782857
2006-6-16	1540.19	1574.47	1540.19	1574.47	0.022256994
2006-6-19	1559.98	1591.85	1544.93	1586.29	0.016865601
2006-6-20	1583.87	1592.83	1572.58	1592.33	0.005341347
2006-6-21	1590.61	1617.71	1570.08	1598.12	0.004721459
2006-6-22	1593.1	1605.25	1587.8	1596.07	0.00186429
2006-6-23	1594.49	1608.11	1582.02	1605.71	0.007036733
2006-6-26	1607.79	1635.8	1607.79	1633.45	0.015959796
2006-6-27	1636.7	1642.57	1627.59	1639.55	0.001741309
2006-6-28	1638.23	1642.35	1627.07	1639.29	0.00064704
2006-6-29	1641.93	1672.1	1641.93	1671.62	0.018082379
2006-6-30	1679.72	1690.95	1662.28	1672.21	-0.004470983
2006-7-3	1677.31	1697.83	1670.02	1697.28	0.011905968
2006-7-4	1700.32	1702.66	1670.13	1681.55	-0.011039099
2006-7-5	1755.22	1757.47	1703.58	1718.56	-0.020886271
2006-7-6	1715.28	1742.2	1711.65	1741.47	0.015268644
2006-7-7	1746.52	1750.03	1724.68	1730.19	-0.009350022
2006-7-10	1730.7	1737.03	1715.83	1734.33	0.002097417
2006-7-11	1736.99	1746.72	1725.23	1745.81	0.005077749
2006-7-12	1745.88	1753.28	1738	1740	-0.003367929
2006-7-13	1736.21	1737.59	1654.49	1655.77	-0.046330801
2006-7-14	1641.14	1676.75	1633.9	1665.21	0.014666634
2006-7-17	1662.05	1684.34	1653.6	1682.89	0.012538732
2006-7-18	1682.36	1684.67	1666.31	1684.25	0.001123422
2006-7-19	1681.77	1681.77	1637.49	1645.16	-0.021768732
2006-7-20	1642.62	1658.05	1636.26	1655.12	0.007609794
2006-7-21	1653.81	1669.29	1653.51	1665.33	0.006965734
2006-7-24	1648.75	1667.62	1632.69	1665.94	0.01042608
2006-7-25	1668.14	1690.61	1668.14	1685.46	0.010382822
2006-7-26	1688.54	1691.43	1675.66	1686.65	-0.00111931
2006-7-27	1685.35	1701.61	1665.39	1675.17	-0.006040288
2006-7-28	1674.43	1678.53	1646.35	1662.03	-0.007405505
2006-7-31	1659.54	1659.54	1611.16	1612.73	-0.028206611
2006-8-1	1619.64	1625.04	1596.66	1600.61	-0.011749525
2006-8-2	1598.76	1608.78	1577.9	1600.87	0.001319773
2006-8-3	1599.75	1609.43	1587.12	1601.06	0.000818878
2006-8-4	1601.61	1612.1	1567.25	1570.15	-0.019642734
2006-8-7	1561.8	1570.05	1541.41	1547.44	-0.009194519
2006-8-8	1547.91	1581.75	1547.91	1580.58	0.021105878
2006-8-9	1581.8	1585.17	1571.71	1578.57	-0.002041977
2006-8-10	1578.35	1606.94	1577.86	1606.06	0.017556309
2006-8-11	1605.6	1610.76	1596.22	1605.93	0.000205531
2006-8-14	1605.2	1611.66	1566.72	1570.74	-0.02146773
2006-8-15	1568.27	1596.65	1564.4	1595.66	0.017465105
2006-8-16	1596.06	1616.45	1591.86	1616.41	0.012750147
2006-8-17	1612.41	1612.41	1592.85	1603.33	-0.005631322
2006-8-18	1601.57	1614.36	1596.56	1598.02	-0.002216575
2006-8-21	1565.46	1602.13	1558.1	1601.15	0.022798411
2006-8-22	1601.52	1619.07	1598.78	1613.35	0.007386733
2006-8-23	1614.39	1621.4	1608.74	1612.4	-0.001232664
2006-8-24	1612.7	1623.17	1601.89	1623.02	0.006399206
2006-8-25	1622.48	1630.05	1619.73	1623.03	0.000338987
2006-8-28	1627.12	1651.29	1624.28	1650.44	0.014332071
2006-8-29	1652.67	1667.53	1649.59	1651.02	-0.000998384
2006-8-30	1648.35	1656.23	1640.28	1655.19	0.004149604
2006-8-31	1655.9	1661.47	1650	1658.64	0.001654689
2006-9-1	1658.66	1660.52	1634.03	1636.69	-0.013245632
2006-9-4	1635.33	1657.69	1635.12	1657.52	0.013569127
2006-9-5	1659.74	1669.9	1657.05	1664.08	0.002614867
2006-9-6	1665.13	1672.26	1656.86	1672.12	0.00419787
2006-9-7	1683.78	1683.89	1655.41	1661.19	-0.013416242
2006-9-8	1659.7	1671.31	1658.67	1667.98	0.004988853
2006-9-11	1668.16	1675.09	1653.01	1674.97	0.004082342
2006-9-12	1675.2	1699.58	1673.44	1695.86	0.012332856
2006-9-13	1695.35	1713.99	1687.05	1689.39	-0.003515498
2006-9-14	1689.63	1696.62	1672.88	1689.69	3.55107E-05
2006-9-15	1689.6	1722.66	1689.51	1721.05	0.018613873
2006-9-18	1727.92	1733.41	1719.16	1732.99	0.002934164
2006-9-19	1735.3	1743.02	1728.29	1735.24	-3.45762E-05
2006-9-20	1733.64	1737.73	1720.83	1732.45	-0.000686417
2006-9-21	1731.58	1743.63	1731.22	1740.9	0.005382368
2006-9-22	1744.6	1746.61	1724.1	1725.36	-0.011028316
2006-9-25	1722.74	1732.28	1709.77	1722.37	-0.000214774
2006-9-26	1720.78	1721.58	1704.77	1712.64	-0.004730413
2006-9-27	1711.51	1725.5	1709.77	1725.04	0.0079053
2006-9-28	1725.52	1740.79	1722.22	1736.96	0.006629885
2006-9-29	1740.06	1755.69	1740.06	1752.42	0.007103203
2006-10-9	1768.14	1786.11	1763.11	1785.39	0.009756015
2006-10-11	1784.52	1792.76	1771.02	1790.1	0.003126891
2006-10-12	1790.63	1792.24	1774.14	1778.18	-0.00695286
2006-10-13	1776.51	1792.87	1773.23	1784.66	0.004587647
2006-10-16	1787.7	1789.18	1766.31	1771.3	-0.009173799
2006-10-17	1768.63	1777.6	1758.31	1763.9	-0.002674386
2006-10-18	1762.4	1787.74	1760.88	1787.19	0.014066046
2006-10-19	1788.58	1799.29	1784.34	1792.25	0.002051907
2006-10-20	1792.6	1801.33	1786.34	1790.36	-0.001249582
2006-10-23	1789.65	1797.43	1753.49	1759.39	-0.016908334
2006-10-24	1756.46	1805.27	1756.46	1805.18	0.027737609
2006-10-25	1807.03	1825.61	1789.91	1806.65	-0.00021029
2006-10-26	1804.89	1816.76	1791.95	1810.65	0.00319133
2006-10-27	1836.21	1842.73	1803.21	1807.18	-0.015809739
2006-10-30	1804.37	1815.61	1788.29	1809.66	0.002931771
2006-10-31	1811.47	1839.32	1811.47	1837.99	0.014640044
2006-11-1	1838.68	1855.89	1833.2	1855.71	0.009262079
2006-11-2	1856.92	1857.15	1834.84	1851.31	-0.003021132
2006-11-3	1851.4	1873.66	1850.15	1866.36	0.008080372
2006-11-6	1853.19	1886.52	1846.01	1886.31	0.017871886
2006-11-7	1889.53	1897.41	1862.93	1889.53	0
2006-11-8	1885.85	1886.26	1865.22	1866.82	-0.01009094
2006-11-9	1860.95	1899.1	1858.59	1896.48	0.019092399
2006-11-10	1896.93	1920.18	1870.96	1883.35	-0.007158936
2006-11-13	1878.7	1905.9	1852.1	1863.77	-0.007946985
2006-11-14	1868.17	1888.43	1841.82	1888.24	0.010743134
2006-11-15	1888.54	1923.14	1878.69	1922.94	0.018215129
2006-11-16	1930.93	1976.05	1926.72	1941.55	0.00549994
2006-11-17	1934.64	1972.61	1925.15	1971.79	0.019202539
2006-11-20	1977.53	2018	1977.53	2017.28	0.020100833
2006-11-21	2013.07	2037.74	1988.93	2037.55	0.012160531
2006-11-22	2031.3	2062.8	2010.79	2041.35	0.004947571
2006-11-23	2045.08	2071.24	2042.15	2062.36	0.008449547
2006-11-24	2051.47	2057.91	2022.62	2050.81	-0.000321721
2006-11-27	2042.19	2049.54	2022.38	2047.28	0.002492422
2006-11-28	2042.38	2051.49	2016.47	2038.72	-0.001792027
2006-11-29	2005.99	2059.73	1992.54	2054.09	0.023978185
2006-11-30	2058.77	2102.06	2058.77	2099.29	0.019681655
2006-12-1	2106.29	2112.58	2087.6	2102.05	-0.002013018
2006-12-4	2103.82	2164.58	2100.56	2161.65	0.027488093
2006-12-5	2167.36	2195.53	2159.32	2173.28	0.002731434
2006-12-6	2175.38	2192.9	2097.42	2156.6	-0.008632974
2006-12-7	2152.59	2206.51	2145.79	2156.75	0.001932556
2006-12-8	2133.35	2164.02	2090.4	2093.64	-0.018613917
2006-12-11	2085.06	2181.16	2084.27	2180.5	0.045773263
2006-12-12	2189.69	2228.64	2180.37	2218.95	0.013362622
2006-12-13	2224.43	2244.41	2195.64	2223.46	-0.000436067
2006-12-14	2226	2250.32	2212.91	2249.11	0.010381851
2006-12-15	2255.24	2275.49	2241.2	2273.91	0.008278498
2006-12-18	2277.28	2335.23	2277.28	2332.43	0.024217488
2006-12-19	2342.18	2381.63	2315.99	2364.18	0.009392959
2006-12-20	2356.26	2381.13	2332.93	2373.21	0.007193603
2006-12-21	2372.46	2386.82	2339.91	2342.94	-0.012442781
2006-12-22	2334.27	2366.69	2321.92	2343.67	0.004026955
2006-12-25	2350.13	2452.43	2350.13	2435.76	0.036436282
2006-12-26	2437.85	2505.7	2424.94	2479.73	0.017179072
2006-12-27	2478.06	2538.66	2461.07	2536.39	0.023538575
2006-12-28	2538.95	2611.79	2530.33	2567.59	0.011280254
2006-12-29	2585.42	2698.9	2585.42	2675.47	0.034829931
2007-1-4	2728.19	2847.61	2684.82	2715.72	-0.004570796
2007-1-5	2668.58	2685.8	2617.02	2641.33	-0.010211423
2007-1-8	2621.07	2708.44	2620.62	2707.2	0.032860626
2007-1-9	2711.05	2809.39	2691.36	2807.8	0.03568728
2007-1-10	2838.11	2841.74	2770.99	2825.58	-0.00441491
2007-1-11	2819.37	2841.18	2763.89	2770.11	-0.017471988
2007-1-12	2745.32	2782.02	2652.58	2668.11	-0.028124226
2007-1-15	2660.07	2795.33	2658.88	2794.7	0.05061145
2007-1-16	2818.66	2830.8	2757.21	2821.02	0.000837277
2007-1-17	2828.4	2870.42	2742.59	2778.9	-0.017501061
2007-1-18	2760.94	2784.04	2679.71	2756.98	-0.001434294
2007-1-19	2761.89	2833.45	2761.89	2832.21	0.025460826
2007-1-22	2857.9	2934.65	2857.9	2933.19	0.026344519
2007-1-23	2964.69	2970.69	2851.92	2949.14	-0.005245068
2007-1-24	2955.42	2994.28	2927.72	2975.13	0.006669103
2007-1-25	2946.5	2947.15	2853.82	2857.36	-0.030252842
2007-1-26	2805.96	2905.98	2720.83	2882.56	0.027299035
2007-1-29	2897.25	2954.34	2885.86	2945.26	0.016570886
2007-1-30	2959.4	2980.51	2901.76	2930.56	-0.009745219
2007-1-31	2926.07	2929.65	2766.75	2786.33	-0.047756889
2007-2-1	2744.81	2801.69	2706.29	2785.43	0.014798839
2007-2-2	2791.49	2796.44	2666.86	2673.21	-0.042371637
2007-2-5	2658.07	2672.35	2610.33	2612.54	-0.01712897
2007-2-6	2612.84	2677.04	2541.52	2675.7	0.024058113
2007-2-7	2688.96	2745.39	2681.33	2716.18	0.010122873
2007-2-8	2725.14	2751.16	2691.27	2737.73	0.004619946
2007-2-9	2741.48	2747.94	2704.36	2730.39	-0.00404526
2007-2-12	2729.84	2807.51	2728.78	2807.17	0.028327668
2007-2-13	2819.14	2835.09	2801.31	2831.87	0.004515561
2007-2-14	2836.82	2915.06	2823.38	2905.09	0.024065679
2007-2-15	2923.67	2994.62	2923.67	2993.01	0.023716767
2007-2-16	3018.18	3036.35	2975.83	2998.47	-0.006530426
2007-2-26	2999.09	3041.34	2960.75	3040.6	0.013840865
2007-2-27	3048.83	3049.77	2763.4	2771.79	-0.090867644
2007-2-28	2734.59	2888.9	2732.88	2881.07	0.053565617
2007-3-1	2877.2	2878.35	2760.91	2797.19	-0.027808286
2007-3-2	2792.94	2846.16	2777.8	2831.53	0.013816981
2007-3-5	2827.68	2858.44	2723.06	2785.31	-0.014984015
2007-3-6	2776.17	2866.33	2756.96	2840.18	0.023056945
2007-3-7	2851.75	2911.42	2849.65	2896.59	0.015723678
2007-3-8	2904.19	2928.8	2871.46	2928.01	0.008201943
2007-3-9	2934.49	2962.42	2891.81	2937.91	0.00116545
2007-3-12	2945.92	2958.63	2904.74	2954.91	0.003051678
2007-3-13	2958.1	2966.19	2932.23	2964.79	0.002261587
2007-3-14	2933.68	2934.45	2868.81	2906.33	-0.009322762
2007-3-15	2905.98	2955.46	2905.98	2951.7	0.015733075
2007-3-16	2964.09	2979.71	2899.03	2930.48	-0.011339062
2007-3-19	2864.26	3038	2852.86	3014.44	0.052432391
2007-3-20	3024.78	3033.02	2998.8	3032.2	0.002453071
2007-3-21	3042.1	3057.71	3020.95	3057.38	0.005022846
2007-3-22	3080.6	3099.82	3059.38	3071.23	-0.003041615
2007-3-23	3071.81	3085.32	3008.15	3074.29	0.000807342
2007-3-26	3083.94	3123.18	3069.47	3122.81	0.012604007
2007-3-27	3126.02	3145.04	3103.78	3138.83	0.004097862
2007-3-28	3140.68	3180.33	3052.08	3173.02	0.010297133
2007-3-29	3179.8	3273.73	3176.53	3197.54	0.005578967
2007-3-30	3178.5	3212.39	3157.03	3183.98	0.001724084
2007-4-2	3196.59	3253.44	3196.59	3252.59	0.017518668
2007-4-3	3265.68	3292.58	3251.52	3291.3	0.007845227
